0.0 0.937746
#0.5 0.937746
#1.5 0.937418
2.5 0.93976
#3.5 0.936127
#4.5 0.935089
5.5 0.936749
#6.5 0.934326
#7.5 0.930171
8.5 0.928966
#9.5 0.920311
#10.5 0.922695
11.5 0.924916
12.5 0.913469
13.5 0.908584
14.5 0.8928
15.5 0.876443
#16.5 0.838244
17.5 0.809582
#18.5 0.766141
19.5 0.734286
#20.5 0.675619
21.5 0.605115
#22.5 0.557933
23.5 0.510183
#24.5 0.427758
25.5 0.376363
#26.5 0.347437
27.5 0.281052
28.5 0.220598
#29.5 0.201032
30.5 0.134495
31.5 0.10123
#32.5 0.0761607
33.5 0.0491442
#34.5 0.0322082
35.5 0.012836
#36.5 0.00400929
37.5 0.00129465
#38.5 0.000650586
39.5 0
40.5 0
88.5 0
