250.014 0.800477
260.014 0.800477
270.014 0.800477
280.014 0.800477
290.014 0.800477
311.014 0.800477
321.014 0.900477
331.014 1.300477
341.014 1.500477
346.014 1.400477
350.014 0.650477
351.014 0.600477
351.594 0.790559
352.174 0.817864
352.754 1.72687
353.333 2.17965
353.913 3.15677
354.493 2.3622
355.072 2.84384
355.652 2.64883
356.232 2.25675
356.812 1.30812
357.391 1.5174
357.971 0.763332
358.551 1.47381
359.13 1.35968
359.71 0.970784
360.29 0.385688
360.87 1.20294
361.449 1.14437
362.029 1.56325
362.609 1.80576
363.188 2.09278
363.768 2.08063
364.348 1.57732
364.928 1.73802
365.507 1.48751
366.087 1.30638
366.667 1.06186
367.246 0.951596
367.826 1.28396
368.406 1.54215
368.986 1.07401
369.565 1.30309
370.145 1.34888
370.725 1.78687
371.304 1.34982
371.884 1.30309
372.464 1.88863
373.043 2.03467
373.623 2.38421
374.203 2.06903
374.783 1.88457
375.362 1.57732
375.942 2.09278
376.522 2.09278
377.101 1.84677
377.681 2.18803
378.261 1.43243
378.841 1.06186
379.42 1.53294
380 2.19191
380.58 1.86504
381.159 1.52089
381.739 1.88482
382.319 1.88409
382.899 1.83505
383.478 2.19812
384.058 2.20885
384.638 1.60353
385.217 0.932006
385.797 1.06186
386.377 1.31959
386.957 1.00041
387.536 0.735206
388.116 0.69447
388.696 1.02703
389.275 1.67438
389.855 1.88482
390.435 1.93853
391.014 1.79855
391.594 1.41249
392.174 2.49735
392.754 7.38119
393.333 6.15931
393.913 7.70165
394.493 2.97863
395.072 1.8909
395.652 1.39714
396.232 1.40765
396.812 1.26982
397.391 1.31959
397.971 1.57732
398.551 1.56621
399.13 1.25935
399.71 1.53544
400.87 2.60825
401.449 2.02782
402.029 1.96907
402.609 2.29094
403.188 2.49029
403.768 3.31409
404.348 3.1445
404.928 3.67122
405.507 3.01399
406.087 2.91575
406.667 2.94285
407.246 2.61936
407.826 2.29248
408.406 2.66079
408.986 2.31192
409.565 1.84651
410.145 2.26986
410.725 2.05305
411.304 2.05653
411.884 2.05703
412.464 2.09278
413.043 2.60825
413.623 2.12761
414.203 2.48597
414.783 2.17986
415.362 2.58449
415.942 3.2583
416.522 3.52439
417.101 3.1126
417.681 3.47758
418.261 3.12371
418.841 2.53188
419.42 2.69254
420 2.86794
420.58 2.38121
421.159 2.06385
421.739 2.09278
422.319 2.10494
422.899 1.79426
423.478 2.21439
424.058 1.92404
424.638 2.09278
425.217 2.65481
425.797 3.24531
426.377 3.10964
426.957 2.94544
427.536 2.20757
428.116 2.26693
428.696 2.39956
429.275 2.35052
429.855 2.72267
430.435 2.32886
431.014 2.38403
431.594 2.93163
432.174 3.12371
432.754 2.62232
433.333 2.40666
433.913 2.55193
434.493 4.17461
435.072 4.04616
435.652 5.0667
436.232 4.22379
436.812 3.86105
437.391 2.53719
437.971 2.55944
438.551 2.60825
439.13 3.24115
439.71 3.41008
440.29 3.8619
440.87 3.82629
441.449 3.69268
442.029 3.23343
442.609 3.12371
443.188 3.29338
443.768 3.4923
444.348 3.33068
444.928 3.16149
445.507 2.88247
446.087 3.24531
446.667 2.95135
447.246 3.27059
447.826 3.13532
448.406 2.86598
448.986 3.16149
449.565 3.79291
450.145 3.62429
450.725 3.03391
451.304 3.14992
451.884 3.15825
452.464 3.63918
453.043 3.97445
453.623 3.61542
454.203 3.68355
454.783 3.5948
455.362 3.36266
455.942 3.73911
456.522 3.32631
457.101 3.83126
457.681 3.63918
458.261 4.01804
458.841 3.65133
459.42 3.84172
460 3.95073
460.58 3.55489
461.159 3.6014
461.739 3.55149
462.319 3.57773
462.899 3.4923
463.478 3.80635
464.058 3.82799
464.638 3.74889
465.217 3.57773
465.797 3.78406
466.377 3.45841
466.957 3.63918
467.536 4.18085
468.116 4.01804
468.696 4.15464
469.275 3.70296
469.855 3.38144
470.435 3.58102
471.014 4.20584
471.594 3.82446
472.174 4.01001
472.754 4.0153
473.333 3.63918
473.913 3.63918
474.493 3.7738
475.072 4.15464
475.652 4.62907
476.232 4.76668
476.812 4.48129
477.391 4.3343
477.971 4.15464
478.551 4.40447
479.13 4.03304
479.71 4.6701
480.29 3.63918
480.87 3.97357
481.449 4.08505
482.029 4.43678
482.609 4.96319
483.768 5.26193
484.348 4.14128
484.928 3.89457
485.507 3.67146
486.087 3.74943
486.667 3.78844
487.246 4.15464
487.826 4.74566
488.406 5.22458
488.986 5.04468
489.565 4.92783
490.145 4.46774
490.725 4.48954
491.304 4.6701
491.884 4.15464
492.464 4.48992
493.043 4.46141
493.623 4.11361
494.203 4.75747
494.783 5.18557
495.362 4.68171
495.942 4.97688
496.522 4.88704
497.101 5.03132
497.681 4.74983
498.261 4.11686
498.841 3.80077
499.42 4.14303
500 4.4704
500.58 4.4704
501.159 4.74983
501.739 4.73507
502.319 4.55532
502.899 4.6701
503.478 4.6701
504.058 4.52202
504.638 4.37158
505.217 4.32878
505.797 4.3626
506.377 4.3355
506.957 4.6474
507.536 4.9776
508.116 4.63527
508.696 4.32878
509.275 4.30889
509.855 4.09821
510.435 4.14303
511.014 4.39948
511.594 4.43692
512.174 4.42526
512.754 4.15464
513.333 4.15464
513.913 4.15464
514.493 4.15464
515.072 4.15464
515.652 4.6474
516.232 4.91495
516.812 4.91858
517.391 5.22604
517.971 5.81129
518.551 5.98805
519.13 5.90899
519.71 5.94227
520.29 5.71319
520.87 5.10842
521.449 4.91134
522.029 4.91495
522.609 5.22994
523.188 5.54678
523.768 5.37438
524.348 5.18557
524.928 5.47259
525.507 5.22905
526.087 4.96863
526.667 4.9776
527.246 4.9776
527.826 4.91495
528.406 4.6701
528.986 4.77982
529.565 4.85892
530.145 5.13676
530.725 5.70103
531.304 5.8819
531.884 5.70103
532.464 5.91797
533.043 6.00853
533.623 6.02768
534.203 5.79761
534.783 5.70103
535.362 5.70103
535.942 5.52046
536.522 5.52046
537.101 5.49307
537.681 5.50835
538.261 5.59985
538.841 5.18557
539.42 5.58015
540 5.39353
540.58 5.48409
541.159 5.52046
541.739 5.50133
542.319 5.33982
542.899 5.72174
543.478 6.45252
544.058 6.38324
544.638 7.66951
545.217 7.71453
545.797 7.97983
546.377 7.78141
546.957 6.91994
547.536 6.87478
548.116 6.73196
548.696 6.20689
549.275 5.80221
549.855 5.90899
550.435 5.9797
551.014 5.90899
551.594 5.8386
552.174 5.70103
552.754 5.70103
553.333 6.16443
553.913 6.78316
554.493 9.75775
555.072 15.537
555.652 34.2691
556.232 39.5102
556.812 59.2689
557.391 64.412
557.971 54.1549
558.551 35.913
559.13 28.9918
559.71 12.2252
560.29 8.45154
560.87 6.73196
561.449 6.93166
562.029 7.00141
562.609 6.67989
563.188 6.37074
563.768 6.50792
564.348 6.50351
564.928 6.75467
565.507 7.06656
566.087 7.00258
566.667 7.24742
567.246 7.54595
567.826 7.45539
568.406 7.49344
568.986 7.60864
569.565 7.27971
570.145 6.73196
570.725 6.88004
571.304 7.01424
571.884 6.98043
572.464 7.08583
573.043 6.73196
573.623 7.3746
574.203 7.19536
574.783 7.44492
575.362 7.74018
575.942 8.02062
576.522 8.25564
577.101 8.56063
577.681 8.51154
578.261 8.59412
578.841 8.79381
579.42 7.88377
580 7.72932
580.58 7.52535
581.159 7.642
581.739 7.8212
582.319 8.16863
582.899 8.07865
583.478 7.7306
584.058 7.24742
584.638 8.04125
585.217 8.36343
585.797 9.94521
586.377 12.0639
586.957 16.3176
587.536 20.4668
588.116 25.8064
588.696 29.3807
589.275 29.3102
589.855 23.1
590.435 21.595
591.014 15.2585
591.594 12.9361
592.174 11.3938
592.754 11.1909
593.333 10.8764
593.913 10.835
594.493 10.4499
595.072 10.6582
595.652 10.3195
596.232 9.97282
596.812 10.0825
597.391 9.76309
597.971 9.95192
598.551 9.29817
599.13 8.94189
599.71 9.14768
600.29 8.8261
600.87 8.38343
601.449 8.51154
602.029 8.58585
602.609 8.50239
603.188 8.605
603.768 8.31318
604.348 8.10868
604.928 8.27835
605.507 7.24742
606.087 7.24742
606.667 7.4401
607.246 7.42829
607.826 7.24742
608.406 8.17327
608.986 8.08954
609.565 8.27835
610.145 8.16863
610.725 8.07039
611.304 8.27835
611.884 8.17327
612.464 8.38186
613.043 8.47586
613.623 9.61242
614.203 10.3052
614.783 10.6869
615.362 10.8557
615.942 10.6134
616.522 10.3186
617.101 9.57928
617.681 9.62084
618.261 8.27835
618.841 8.75033
619.42 8.95541
620 9.29817
620.58 9.63593
621.159 9.82474
621.739 10.7321
622.319 11.4407
622.899 11.8267
623.478 12.4137
624.058 13.0447
624.638 12.9175
625.217 12.2959
625.797 12.115
626.377 12.2923
626.957 14.9133
627.536 21.1287
628.116 36.6867
628.696 41.3354
629.275 57.6942
629.855 59.1521
630.435 51.2687
631.014 34.9122
631.594 27.8569
632.174 14.5532
632.754 12.1075
633.333 11.2123
633.913 13.7866
634.493 19.0633
635.072 20.1133
635.652 25.8978
636.232 26.0465
636.812 20.1411
637.391 19.3843
637.971 13.1583
638.551 10.2015
639.13 8.32889
639.71 8.13027
640.29 8.27835
640.87 8.27835
641.449 8.27835
642.029 8.17717
642.609 7.8212
643.188 7.71034
643.768 8.63631
644.348 9.31677
644.928 11.0567
645.507 10.9788
646.087 11.8866
646.667 11.3317
647.246 11.1218
647.826 10.6636
648.406 10.9853
648.986 11.3526
649.565 11.8988
650.145 11.5231
650.725 11.1334
651.304 10.6558
651.884 10.3551
652.464 10.9293
653.043 11.3354
653.623 11.9449
654.203 12.3009
654.783 12.2024
655.362 12.5102
655.942 12.3731
656.522 11.8866
657.101 11.0804
657.681 10.654
658.261 10.2695
658.841 9.33821
659.42 9.19449
660 9.06443
660.58 8.75806
661.159 8.26107
661.739 7.97085
662.319 7.86796
662.899 8.24606
663.478 8.29906
664.058 7.97085
664.638 8.04516
665.217 8.13027
665.797 7.76289
666.377 7.40167
666.957 7.3525
667.536 7.36831
668.116 7.76289
668.696 7.52535
669.275 7.72511
669.855 7.99133
670.435 8.06141
671.014 8.27835
671.594 8.14078
672.174 7.774
672.754 7.43624
673.333 7.45539
673.913 7.4401
674.493 7.45539
675.072 7.65317
675.652 7.50515
676.232 7.35714
676.812 7.55492
677.391 7.56319
677.971 7.53885
678.551 7.55492
679.13 7.55492
679.71 7.81932
680.29 9.65148
680.87 11.3051
681.449 14.5364
682.029 16.5313
682.609 18.8741
683.188 18.4397
683.768 17.8652
684.348 16.3563
684.928 17.4229
685.507 17.5141
686.087 18.0528
686.667 16.3282
687.246 15.7171
687.826 13.8877
688.406 12.725
688.986 13.0041
689.565 13.9203
690.145 14.9206
690.725 15.1415
691.304 16.0103
691.884 16.1584
692.464 16.2809
693.043 16.1719
693.623 16.4814
694.203 16.4533
694.783 15.8885
695.362 15.3143
695.942 14.2308
696.522 13.8519
697.101 13.7062
697.681 13.391
698.261 12.6206
698.841 12.5406
699.42 12.178
700 12.2478
700.58 11.64
701.159 10.9589
701.739 9.8549
702.319 9.38564
702.899 9.14054
703.478 9.77268
704.058 9.98634
704.638 10.2819
705.217 9.97252
705.797 9.92132
706.377 9.67666
706.957 9.64388
707.536 9.51724
708.116 9.52622
708.696 9.24783
709.275 8.69724
709.855 8.63311
710.435 8.24352
711.014 8.48704
711.594 8.75033
712.174 8.95541
712.754 9.25721
713.333 9.55412
713.913 9.30928
714.493 9.30928
715.072 9.5963
715.652 9.82474
716.232 9.82474
716.812 8.79381
717.391 9.05155
717.971 8.86507
718.551 8.22954
719.13 8.29906
719.71 8.63957
720.29 8.87248
720.87 9.3305
721.449 15.637
722.029 20.1401
722.609 28.6894
723.188 33.0478
723.768 38.4977
724.348 33.1741
724.928 34.2699
725.507 29.8928
726.087 34.2373
726.667 34.2889
727.246 37.9426
727.826 33.7338
728.406 32.8606
728.986 28.6109
729.565 29.0202
730.145 29.3213
730.725 32.2093
731.304 34.2558
731.884 34.3695
732.464 36.1769
733.043 35.634
733.623 33.8883
734.203 32.9167
734.783 31.33
735.362 29.8979
735.942 28.4604
736.522 26.3706
737.101 24.3426
737.681 22.4484
738.261 20.933
738.841 21.3864
739.42 21.8313
740 19.1661
740.58 18.5118
741.159 16.6295
741.739 15.6363
742.319 15.4449
742.899 15.8667
743.478 15.4146
744.058 15.6517
744.638 15.9859
745.217 18.4977
745.797 20.7169
746.377 24.0519
746.957 25.8541
747.536 23.9817
748.116 21.1378
748.696 17.8534
749.275 16.2876
749.855 17.0713
750.435 21.7365
751.014 23.9927
751.594 28.8293
752.174 27.5174
752.754 25.3872
753.333 21.0108
753.913 18.8854
754.493 18.5931
755.072 20.9298
755.652 22.2347
756.232 25.2723
756.812 25.7506
757.391 23.2869
757.971 21.6081
758.551 18.7737
759.13 16.1576
759.71 14.8936
760.29 14.111
760.87 14.865
761.449 15.7166
762.029 14.9983
762.609 14.3403
763.188 12.9534
763.768 12.9258
764.348 14.4084
764.928 14.856
765.507 15.2049
766.087 14.4824
766.667 13.9169
767.246 13.8262
767.826 15.7917
768.406 21.0755
768.986 30.6862
769.565 38.484
770.145 45.6146
770.725 53.9026
771.304 48.2944
771.884 48.9772
772.464 40.7157
773.043 42.2932
773.623 44.9167
774.203 53.3396
774.783 63.4209
775.362 67.1626
775.942 75.1938
776.522 76.6821
777.101 71.6165
777.681 61.3182
778.261 59.5181
778.841 49.1038
779.42 46.4721
780 45.7293
780.58 46.372
781.159 45.7281
781.739 43.2748
782.319 42.2241
782.899 47.5645
783.478 54.2501
784.058 61.4242
784.638 69.7246
785.217 71.7094
785.797 70.2685
786.377 63.8373
786.957 55.3266
787.536 51.677
788.116 45.8456
788.696 49.3286
789.275 54.1389
789.855 65.8969
790.435 71.46
791.014 74.519
791.594 61.2674
792.174 57.2467
792.754 44.4853
793.333 38.2027
793.913 41.1907
794.493 43.6893
795.072 49.8505
795.652 54.6016
796.232 57.742
796.812 60.5992
797.391 60.7104
797.971 59.5874
798.551 56.3547
799.13 50.9674
799.71 47.3366
800.29 45.6159
800.87 44.6832
801.449 46.5385
802.029 40.6538
802.609 36.8755
803.188 31.398
803.768 27.8589
804.348 27.4822
804.928 29.3532
805.507 27.1221
806.087 25.1291
806.667 21.7734
807.246 19.052
807.826 18.512
808.406 19.7206
808.986 20.5909
809.565 18.743
810.145 17.4667
810.725 15.9447
811.304 14.3856
811.884 14.662
812.464 15.2577
813.043 15.8025
813.623 15.4659
814.203 13.8491
814.783 14.0153
815.362 12.3152
815.942 13.0334
816.522 14.2521
817.101 16.1205
817.681 16.899
818.261 17.4205
818.841 17.0197
819.42 15.5314
820 14.7387
820.58 13.8677
821.159 13.2426
821.739 12.9175
822.319 12.9765
822.899 12.9175
823.478 13.5005
824.058 14.6433
824.638 19.5446
825.217 28.5358
825.797 42.6672
826.377 60.0186
826.957 77.8219
827.536 95.9089
828.116 102.099
828.696 94.9218
829.275 78.75
829.855 60.2716
830.435 51.8195
831.014 36.7166
831.594 63.471
832.174 70.6965
832.754 102.346
833.333 116.413
833.913 115.91
834.493 97.2797
835.072 81.3286
835.652 61.6605
836.232 49.5733
836.812 61.2955
837.391 62.4773
837.971 78.0635
838.551 89.0819
839.13 92.8436
839.71 89.4163
840.29 94.8599
840.87 91.0374
841.449 102.8
842.029 105.877
842.609 100.947
843.188 91.777
843.768 94.1602
844.348 87.2941
844.928 86.0332
845.507 75.8283
846.087 63.7297
846.667 50.1956
847.246 45.8875
847.826 43.4738
848.406 49.5997
848.986 51.9194
849.565 47.2826
850.145 36.4516
850.725 32.3637
851.304 23.4339
851.884 25.1516
852.464 26.8526
853.043 30.2968
853.623 30.16
854.203 25.9995
854.783 23.1355
855.362 18.692
855.942 16.025
856.522 17.0069
857.101 19.5337
857.681 20.0135
858.261 23.1367
858.841 25.7826
859.42 32.514
860 38.8799
860.58 50.0294
861.159 54.5849
861.739 62.4711
862.319 62.7262
862.899 62.1884
863.478 63.3225
864.058 65.827
864.638 65.7299
865.217 63.0209
865.797 54.0712
866.377 48.4893
866.957 38.977
867.536 31.6818
868.116 26.2303
868.696 21.9726
869.275 18.8798
869.855 16.7428
870.435 15.7515
871.014 14.231
871.594 14.9983
872.174 20.936
872.754 36.5435
873.333 61.783
873.913 91.5534
874.493 131.882
875.072 147.322
875.652 179.038
876.232 154.566
876.812 136.851
877.391 107.779
877.971 75.3209
878.551 59.6519
879.13 54.7789
879.71 101.333
880.29 117.704
880.87 163.486
881.449 191.7
882.029 178.108
882.609 159.788
883.188 119.377
883.768 94.9878
884.348 70.1019
884.928 79.9134
885.507 91.7946
886.087 109.664
886.667 124.143
887.246 136.776
887.826 138.387
888.406 135.886
888.986 141.823
889.565 147.058
890.145 152.041
890.725 146.2
891.304 132.171
891.884 113.843
892.464 108.223
893.043 109.324
893.623 120.206
894.203 122.098
894.783 109.378
895.362 86.926
895.942 81.9209
896.522 59.7124
897.101 75.2968
897.681 71.3721
898.261 84.7366
898.841 72.9625
899.42 62.1695
900 47.2853
900.58 38.2968
901.159 33.6638
901.739 40.6661
902.319 46.503
902.899 52.222
903.478 50.4708
904.058 42.7641
904.638 36.7373
905.217 27.1263
905.797 22.6297
906.377 21.1298
906.957 23.8146
907.536 26.2566
908.116 28.9092
908.696 27.8603
909.275 24.2104
909.855 20.8028
910.435 15.8617
911.014 14.0861
911.594 13.2357
912.174 15.1197
912.754 17.5077
913.333 19.4647
913.913 21.4817
914.493 20.4455
915.072 18.9619
915.652 16.1543
916.232 14.1858
916.812 11.485
917.391 10.9527
917.971 12.0169
918.551 12.8542
919.13 15.4948
919.71 17.5039
920.29 18.912
920.87 19.3187
921.449 17.9194
922.029 17.1219
922.609 19.6963
923.188 25.7384
923.768 29.4421
924.348 35.7747
924.928 37.1728
925.507 35.0882
926.087 29.8179
926.667 36.1395
927.246 57.3186
927.826 106.151
928.406 143.517
928.986 189.79
929.565 227.23
930.145 218.653
930.725 200.627
931.304 149.621
931.884 110.815
932.464 75.7787
933.043 52.4871
933.623 67.6589
934.203 97.4867
934.783 162.024
935.362 188.029
935.942 240.881
936.522 206.897
937.101 173.414
937.681 141.731
938.261 103.435
938.841 93.5804
939.42 105.045
940 126.395
940.58 163.206
941.159 183.921
941.739 220.847
942.319 241.179
942.899 244.362
943.478 214.486
944.058 227.481
944.638 216.387
945.217 232.365
945.797 231.24
946.377 212.689
946.957 181.278
947.536 172.93
948.116 145.411
948.696 154.141
949.275 147.864
949.855 143.195
950.435 124.966
#951.014 105.634
#951.594 91.6268
#952.174 84.7906
#952.754 104.656
#953.333 121.646
#953.913 147.06
#954.493 161.154
#955.072 153.611
#955.652 117.388
#956.232 98.9875
#956.812 66.1366
#957.391 47.8399
