# several points are outcomment, for a faster calculation of the spline
# 2 artificial points
280 0
290 0
#
320 0.121739
360 0.215913
369.655 0.237265
380.359 0.26367
392.682 0.285362
400 0.298
410 0.313043
420 0.329652
429.652 0.343207
440 0.352696
450 0.357478
460 0.359304
469.397 0.359992
480 0.358696
487.328 0.355867
500 0.352348
#509.192 0.345273
520 0.336435
#530 0.32487
540 0.316
#550 0.304348
560 0.29287
#570 0.282609
580 0.270783
#590 0.259739
600 0.247565
610 0.237043
616.74 0.227516
626.822 0.218219
636.905 0.209956
646.987 0.199626
#660 0.190609
#670 0.182522
680 0.176348
#690 0.168087
#700 0.160609
710 0.154609
#720 0.147739
#730 0.140522
740 0.132696
#750 0.127304
#760 0.12
770 0.113739
#780 0.10713
790 0.100696
846.399 0.065341
# artificial points
880 0.01
890 0.001
900 0
950 0
